1 1 1
2 1 1
613 1 1
1 2 1
2 2 1
391 2 1
3 3 1
5 3 1
4 4 1
5 4 1
130 4 1
201 4 1
3 5 1
4 5 1
5 5 1
6 5 1
5 6 1
6 6 1
7 7 1
89 7 1
130 7 1
8 8 1
9 8 1
8 9 1
9 9 1
10 9 1
9 10 1
10 10 1
11 10 1
12 10 1
28 10 1
74 10 1
10 11 1
11 11 1
132 11 1
10 12 1
12 12 1
13 13 1
98 13 1
200 13 1
14 14 1
15 14 1
186 14 1
14 15 1
15 15 1
16 15 1
132 15 1
15 16 1
16 16 1
196 16 1
17 17 1
75 17 1
88 17 1
119 17 1
135 17 1
18 18 1
67 18 1
135 18 1
19 19 1
89 19 1
127 19 1
133 19 1
146 19 1
20 20 1
42 20 1
138 20 1
21 21 1
50 21 1
98 21 1
22 22 1
23 22 1
22 23 1
23 23 1
24 23 1
92 23 1
23 24 1
24 24 1
25 24 1
62 24 1
152 24 1
153 24 1
24 25 1
25 25 1
162 25 1
26 26 1
27 26 1
47 26 1
118 26 1
26 27 1
27 27 1
119 27 1
10 28 1
28 28 1
34 28 1
29 29 1
92 29 1
199 29 1
30 30 1
31 30 1
32 30 1
33 30 1
30 31 1
31 31 1
33 31 1
43 31 1
74 31 1
129 31 1
137 31 1
30 32 1
32 32 1
30 33 1
31 33 1
33 33 1
103 33 1
28 34 1
34 34 1
120 34 1
35 35 1
69 35 1
96 35 1
181 35 1
36 36 1
37 36 1
36 37 1
37 37 1
76 37 1
100 37 1
136 37 1
38 38 1
39 38 1
40 38 1
84 38 1
192 38 1
38 39 1
39 39 1
38 40 1
40 40 1
41 41 1
47 41 1
77 41 1
148 41 1
20 42 1
42 42 1
135 42 1
31 43 1
43 43 1
44 43 1
43 44 1
44 44 1
163 44 1
45 45 1
69 45 1
201 45 1
46 46 1
47 46 1
26 47 1
41 47 1
46 47 1
47 47 1
48 47 1
49 47 1
77 47 1
118 47 1
47 48 1
48 48 1
119 48 1
150 48 1
47 49 1
49 49 1
21 50 1
50 50 1
163 50 1
51 51 1
54 51 1
55 51 1
114 51 1
183 51 1
194 51 1
52 52 1
55 52 1
53 53 1
55 53 1
51 54 1
54 54 1
51 55 1
52 55 1
53 55 1
55 55 1
56 56 1
61 56 1
57 57 1
61 57 1
58 58 1
61 58 1
59 59 1
62 59 1
60 60 1
63 60 1
56 61 1
57 61 1
58 61 1
61 61 1
62 61 1
64 61 1
514 61 1
1331 61 1
24 62 1
59 62 1
61 62 1
62 62 1
63 62 1
558 62 1
572 62 1
1403 62 1
60 63 1
62 63 1
63 63 1
106 63 1
61 64 1
64 64 1
65 65 1
80 65 1
107 65 1
66 66 1
67 66 1
207 66 1
18 67 1
66 67 1
67 67 1
88 67 1
68 68 1
93 68 1
35 69 1
45 69 1
69 69 1
70 70 1
71 70 1
80 70 1
110 70 1
182 70 1
70 71 1
71 71 1
187 71 1
72 72 1
73 72 1
197 72 1
524 72 1
72 73 1
73 73 1
99 73 1
10 74 1
31 74 1
74 74 1
108 74 1
17 75 1
75 75 1
135 75 1
37 76 1
76 76 1
156 76 1
41 77 1
47 77 1
77 77 1
78 78 1
79 78 1
78 79 1
79 79 1
100 79 1
463 79 1
65 80 1
70 80 1
80 80 1
81 80 1
82 80 1
110 80 1
159 80 1
80 81 1
81 81 1
80 82 1
82 82 1
83 83 1
84 83 1
86 83 1
121 83 1
174 83 1
190 83 1
194 83 1
38 84 1
83 84 1
84 84 1
85 84 1
84 85 1
85 85 1
83 86 1
86 86 1
87 87 1
131 87 1
17 88 1
67 88 1
88 88 1
150 88 1
7 89 1
19 89 1
89 89 1
90 89 1
133 89 1
169 89 1
89 90 1
90 90 1
91 90 1
90 91 1
91 91 1
23 92 1
29 92 1
92 92 1
68 93 1
93 93 1
95 93 1
130 93 1
201 93 1
94 94 1
95 94 1
101 94 1
93 95 1
94 95 1
95 95 1
35 96 1
96 96 1
127 96 1
139 96 1
97 97 1
165 97 1
186 97 1
189 97 1
13 98 1
21 98 1
98 98 1
137 98 1
173 98 1
73 99 1
99 99 1
558 99 1
574 99 1
37 100 1
79 100 1
100 100 1
101 100 1
451 100 1
458 100 1
1207 100 1
94 101 1
100 101 1
101 101 1
102 102 1
103 102 1
104 102 1
33 103 1
102 103 1
103 103 1
145 103 1
187 103 1
102 104 1
104 104 1
105 105 1
144 105 1
147 105 1
63 106 1
106 106 1
111 106 1
202 106 1
1175 106 1
65 107 1
107 107 1
144 107 1
159 107 1
74 108 1
108 108 1
155 108 1
109 109 1
110 109 1
70 110 1
80 110 1
109 110 1
110 110 1
106 111 1
111 111 1
112 111 1
113 111 1
202 111 1
354 111 1
111 112 1
112 112 1
111 113 1
113 113 1
51 114 1
114 114 1
117 114 1
157 114 1
115 115 1
117 115 1
116 116 1
117 116 1
114 117 1
115 117 1
116 117 1
117 117 1
26 118 1
47 118 1
118 118 1
119 118 1
17 119 1
27 119 1
48 119 1
118 119 1
119 119 1
34 120 1
120 120 1
189 120 1
83 121 1
121 121 1
124 121 1
157 121 1
167 121 1
168 121 1
190 121 1
122 122 1
124 122 1
123 123 1
124 123 1
121 124 1
122 124 1
123 124 1
124 124 1
125 125 1
144 125 1
188 125 1
126 126 1
128 126 1
19 127 1
96 127 1
127 127 1
128 127 1
151 127 1
173 127 1
126 128 1
127 128 1
128 128 1
31 129 1
129 129 1
165 129 1
172 129 1
189 129 1
4 130 1
7 130 1
93 130 1
130 130 1
87 131 1
131 131 1
132 131 1
11 132 1
15 132 1
131 132 1
132 132 1
19 133 1
89 133 1
133 133 1
134 134 1
135 134 1
17 135 1
18 135 1
42 135 1
75 135 1
134 135 1
135 135 1
136 135 1
37 136 1
135 136 1
136 136 1
1181 136 1
31 137 1
98 137 1
137 137 1
138 137 1
20 138 1
137 138 1
138 138 1
142 138 1
143 138 1
96 139 1
139 139 1
141 139 1
140 140 1
142 140 1
139 141 1
141 141 1
142 141 1
143 141 1
138 142 1
140 142 1
141 142 1
142 142 1
138 143 1
141 143 1
143 143 1
105 144 1
107 144 1
125 144 1
144 144 1
103 145 1
145 145 1
146 145 1
151 145 1
154 145 1
201 145 1
1325 145 1
19 146 1
145 146 1
146 146 1
151 146 1
187 146 1
201 146 1
105 147 1
147 147 1
182 147 1
41 148 1
148 148 1
149 148 1
150 148 1
148 149 1
149 149 1
48 150 1
88 150 1
148 150 1
150 150 1
205 150 1
127 151 1
145 151 1
146 151 1
151 151 1
152 151 1
153 151 1
181 151 1
24 152 1
151 152 1
152 152 1
24 153 1
151 153 1
153 153 1
145 154 1
154 154 1
156 154 1
199 154 1
108 155 1
155 155 1
182 155 1
76 156 1
154 156 1
156 156 1
114 157 1
121 157 1
157 157 1
158 157 1
157 158 1
158 158 1
80 159 1
107 159 1
159 159 1
160 159 1
159 160 1
160 160 1
161 161 1
165 161 1
185 161 1
25 162 1
162 162 1
163 162 1
165 162 1
44 163 1
50 163 1
162 163 1
163 163 1
164 163 1
167 163 1
172 163 1
163 164 1
164 164 1
97 165 1
129 165 1
161 165 1
162 165 1
165 165 1
166 165 1
168 165 1
165 166 1
166 166 1
121 167 1
163 167 1
167 167 1
121 168 1
165 168 1
168 168 1
89 169 1
169 169 1
170 169 1
187 169 1
169 170 1
170 170 1
171 170 1
170 171 1
171 171 1
129 172 1
163 172 1
172 172 1
98 173 1
127 173 1
173 173 1
185 173 1
83 174 1
174 174 1
179 174 1
180 174 1
175 175 1
179 175 1
196 175 1
203 175 1
176 176 1
180 176 1
177 177 1
180 177 1
178 178 1
179 178 1
174 179 1
175 179 1
178 179 1
179 179 1
174 180 1
176 180 1
177 180 1
180 180 1
35 181 1
151 181 1
181 181 1
70 182 1
147 182 1
155 182 1
182 182 1
188 182 1
51 183 1
183 183 1
184 183 1
194 183 1
183 184 1
184 184 1
161 185 1
173 185 1
185 185 1
14 186 1
97 186 1
186 186 1
71 187 1
103 187 1
146 187 1
169 187 1
187 187 1
125 188 1
182 188 1
188 188 1
97 189 1
120 189 1
129 189 1
189 189 1
83 190 1
121 190 1
190 190 1
193 190 1
191 191 1
193 191 1
38 192 1
192 192 1
193 192 1
190 193 1
191 193 1
192 193 1
193 193 1
51 194 1
83 194 1
183 194 1
194 194 1
198 194 1
195 195 1
198 195 1
16 196 1
175 196 1
196 196 1
197 196 1
198 196 1
72 197 1
196 197 1
197 197 1
194 198 1
195 198 1
196 198 1
198 198 1
29 199 1
154 199 1
199 199 1
13 200 1
200 200 1
4 201 1
45 201 1
93 201 1
145 201 1
146 201 1
201 201 1
202 201 1
106 202 1
111 202 1
201 202 1
202 202 1
203 202 1
175 203 1
202 203 1
203 203 1
204 204 1
205 204 1
206 204 1
207 204 1
150 205 1
204 205 1
205 205 1
204 206 1
206 206 1
66 207 1
204 207 1
207 207 1
208 208 1
209 208 1
278 208 1
208 209 1
209 209 1
241 209 1
252 209 1
210 210 1
247 210 1
267 210 1
277 210 1
211 211 1
216 211 1
242 211 1
212 212 1
272 212 1
285 212 1
213 213 1
239 213 1
257 213 1
214 214 1
218 214 1
265 214 1
215 215 1
216 215 1
223 215 1
249 215 1
211 216 1
215 216 1
216 216 1
217 216 1
216 217 1
217 217 1
214 218 1
218 218 1
257 218 1
261 218 1
281 218 1
219 219 1
241 219 1
252 219 1
220 220 1
252 220 1
265 220 1
221 221 1
222 221 1
223 221 1
221 222 1
222 222 1
215 223 1
221 223 1
223 223 1
225 223 1
281 223 1
224 224 1
253 224 1
263 224 1
223 225 1
225 225 1
281 225 1
226 226 1
244 226 1
274 226 1
227 227 1
235 227 1
237 227 1
278 227 1
228 228 1
229 228 1
244 228 1
278 228 1
228 229 1
229 229 1
230 230 1
286 230 1
231 231 1
232 231 1
233 231 1
234 231 1
286 231 1
231 232 1
232 232 1
231 233 1
233 233 1
231 234 1
234 234 1
227 235 1
235 235 1
237 235 1
245 235 1
278 235 1
236 236 1
266 236 1
270 236 1
227 237 1
235 237 1
237 237 1
278 237 1
238 238 1
239 238 1
254 238 1
213 239 1
238 239 1
239 239 1
281 239 1
240 240 1
241 240 1
254 240 1
209 241 1
219 241 1
240 241 1
241 241 1
242 241 1
243 241 1
256 241 1
282 241 1
211 242 1
241 242 1
242 242 1
241 243 1
243 243 1
250 243 1
258 243 1
268 243 1
643 243 1
226 244 1
228 244 1
244 244 1
278 244 1
235 245 1
245 245 1
246 245 1
245 246 1
246 246 1
210 247 1
247 247 1
248 247 1
264 247 1
1445 247 1
247 248 1
248 248 1
215 249 1
249 249 1
250 249 1
251 249 1
271 249 1
272 249 1
243 250 1
249 250 1
250 250 1
258 250 1
286 250 1
249 251 1
251 251 1
209 252 1
219 252 1
220 252 1
252 252 1
224 253 1
253 253 1
264 253 1
1430 253 1
238 254 1
240 254 1
254 254 1
255 254 1
254 255 1
255 255 1
241 256 1
256 256 1
261 256 1
213 257 1
218 257 1
257 257 1
258 257 1
261 257 1
265 257 1
269 257 1
243 258 1
250 258 1
257 258 1
258 258 1
268 258 1
259 259 1
260 259 1
259 260 1
260 260 1
268 260 1
218 261 1
256 261 1
257 261 1
261 261 1
262 262 1
263 262 1
224 263 1
262 263 1
263 263 1
247 264 1
253 264 1
264 264 1
604 264 1
214 265 1
220 265 1
257 265 1
265 265 1
236 266 1
266 266 1
267 266 1
210 267 1
266 267 1
267 267 1
268 267 1
243 268 1
258 268 1
260 268 1
267 268 1
268 268 1
257 269 1
269 269 1
282 269 1
236 270 1
270 270 1
271 270 1
273 270 1
249 271 1
270 271 1
271 271 1
212 272 1
249 272 1
272 272 1
270 273 1
273 273 1
276 273 1
226 274 1
274 274 1
275 274 1
274 275 1
275 275 1
273 276 1
276 276 1
277 276 1
283 276 1
1435 276 1
210 277 1
276 277 1
277 277 1
1436 277 1
208 278 1
227 278 1
228 278 1
235 278 1
237 278 1
244 278 1
278 278 1
279 278 1
278 279 1
279 279 1
280 279 1
279 280 1
280 280 1
218 281 1
223 281 1
225 281 1
239 281 1
281 281 1
241 282 1
269 282 1
282 282 1
276 283 1
283 283 1
284 283 1
1441 283 1
283 284 1
284 284 1
212 285 1
285 285 1
286 285 1
287 285 1
230 286 1
231 286 1
250 286 1
285 286 1
286 286 1
285 287 1
287 287 1
288 288 1
289 288 1
290 288 1
315 288 1
327 288 1
328 288 1
288 289 1
289 289 1
298 289 1
326 289 1
288 290 1
290 290 1
291 290 1
300 290 1
309 290 1
328 290 1
1389 290 1
290 291 1
291 291 1
292 292 1
329 292 1
293 293 1
334 293 1
1378 293 1
294 294 1
318 294 1
295 295 1
296 295 1
295 296 1
296 296 1
297 296 1
299 296 1
311 296 1
329 296 1
296 297 1
297 297 1
305 297 1
308 297 1
325 297 1
289 298 1
298 298 1
300 298 1
302 298 1
296 299 1
299 299 1
307 299 1
337 299 1
290 300 1
298 300 1
300 300 1
320 300 1
1354 300 1
1420 300 1
301 301 1
302 301 1
1021 301 1
298 302 1
301 302 1
302 302 1
303 302 1
304 302 1
321 302 1
1376 302 1
302 303 1
303 303 1
302 304 1
304 304 1
297 305 1
305 305 1
306 305 1
312 305 1
332 305 1
336 305 1
305 306 1
306 306 1
299 307 1
307 307 1
308 307 1
330 307 1
297 308 1
307 308 1
308 308 1
290 309 1
309 309 1
310 309 1
320 309 1
334 309 1
309 310 1
310 310 1
296 311 1
311 311 1
330 311 1
305 312 1
312 312 1
313 312 1
665 312 1
312 313 1
313 313 1
314 314 1
335 314 1
682 314 1
288 315 1
315 315 1
316 315 1
317 315 1
327 315 1
339 315 1
315 316 1
316 316 1
325 316 1
315 317 1
317 317 1
294 318 1
318 318 1
319 318 1
324 318 1
329 318 1
339 318 1
340 318 1
318 319 1
319 319 1
300 320 1
309 320 1
320 320 1
321 320 1
302 321 1
320 321 1
321 321 1
1376 321 1
322 322 1
323 322 1
336 322 1
322 323 1
323 323 1
792 323 1
318 324 1
324 324 1
297 325 1
316 325 1
325 325 1
326 325 1
289 326 1
325 326 1
326 326 1
288 327 1
315 327 1
327 327 1
288 328 1
290 328 1
328 328 1
292 329 1
296 329 1
318 329 1
329 329 1
337 329 1
307 330 1
311 330 1
330 330 1
331 330 1
335 330 1
330 331 1
331 331 1
305 332 1
332 332 1
333 332 1
711 332 1
332 333 1
333 333 1
293 334 1
309 334 1
334 334 1
314 335 1
330 335 1
335 335 1
336 335 1
305 336 1
322 336 1
335 336 1
336 336 1
299 337 1
329 337 1
337 337 1
338 337 1
337 338 1
338 338 1
315 339 1
318 339 1
339 339 1
318 340 1
340 340 1
341 341 1
342 341 1
356 341 1
363 341 1
391 341 1
341 342 1
342 342 1
343 343 1
352 343 1
370 343 1
376 343 1
344 344 1
352 344 1
345 345 1
346 345 1
375 345 1
345 346 1
346 346 1
347 347 1
388 347 1
348 348 1
349 348 1
364 348 1
369 348 1
377 348 1
379 348 1
348 349 1
349 349 1
350 350 1
351 350 1
353 350 1
396 350 1
350 351 1
351 351 1
343 352 1
344 352 1
352 352 1
374 352 1
350 353 1
353 353 1
354 353 1
459 353 1
111 354 1
353 354 1
354 354 1
397 354 1
1175 354 1
355 355 1
356 355 1
361 355 1
362 355 1
341 356 1
355 356 1
356 356 1
363 356 1
357 357 1
358 357 1
363 357 1
357 358 1
358 358 1
359 359 1
361 359 1
360 360 1
362 360 1
355 361 1
359 361 1
361 361 1
362 361 1
355 362 1
360 362 1
361 362 1
362 362 1
341 363 1
356 363 1
357 363 1
363 363 1
377 363 1
384 363 1
391 363 1
393 363 1
348 364 1
364 364 1
369 364 1
379 364 1
365 365 1
368 365 1
387 365 1
366 366 1
367 366 1
385 366 1
366 367 1
367 367 1
365 368 1
368 368 1
348 369 1
364 369 1
369 369 1
380 369 1
343 370 1
370 370 1
371 370 1
372 370 1
373 370 1
374 370 1
370 371 1
371 371 1
396 371 1
370 372 1
372 372 1
379 372 1
370 373 1
373 373 1
396 373 1
352 374 1
370 374 1
374 374 1
375 374 1
388 374 1
345 375 1
374 375 1
375 375 1
343 376 1
376 376 1
381 376 1
386 376 1
387 376 1
348 377 1
363 377 1
377 377 1
378 377 1
380 377 1
382 377 1
393 377 1
377 378 1
378 378 1
397 378 1
348 379 1
364 379 1
372 379 1
379 379 1
380 379 1
369 380 1
377 380 1
379 380 1
380 380 1
376 381 1
381 381 1
383 381 1
377 382 1
382 382 1
383 382 1
381 383 1
382 383 1
383 383 1
392 383 1
363 384 1
384 384 1
390 384 1
366 385 1
385 385 1
386 385 1
390 385 1
376 386 1
385 386 1
386 386 1
389 386 1
365 387 1
376 387 1
387 387 1
347 388 1
374 388 1
388 388 1
386 389 1
389 389 1
390 389 1
384 390 1
385 390 1
389 390 1
390 390 1
2 391 1
341 391 1
363 391 1
391 391 1
1229 391 1
383 392 1
392 392 1
393 392 1
394 392 1
395 392 1
363 393 1
377 393 1
392 393 1
393 393 1
392 394 1
394 394 1
392 395 1
395 395 1
350 396 1
371 396 1
373 396 1
396 396 1
397 396 1
354 397 1
378 397 1
396 397 1
397 397 1
1203 397 1
398 398 1
399 398 1
407 398 1
416 398 1
398 399 1
399 399 1
408 399 1
411 399 1
417 399 1
400 400 1
401 400 1
404 400 1
400 401 1
401 401 1
402 402 1
403 402 1
412 402 1
426 402 1
402 403 1
403 403 1
404 403 1
413 403 1
424 403 1
442 403 1
400 404 1
403 404 1
404 404 1
417 404 1
440 404 1
687 404 1
1354 404 1
405 405 1
427 405 1
406 406 1
407 406 1
408 406 1
409 406 1
423 406 1
398 407 1
406 407 1
407 407 1
1031 407 1
399 408 1
406 408 1
408 408 1
411 408 1
421 408 1
1032 408 1
406 409 1
409 409 1
410 410 1
411 410 1
431 410 1
399 411 1
408 411 1
410 411 1
411 411 1
421 411 1
430 411 1
402 412 1
412 412 1
413 412 1
415 412 1
425 412 1
403 413 1
412 413 1
413 413 1
446 413 1
414 414 1
415 414 1
412 415 1
414 415 1
415 415 1
427 415 1
398 416 1
416 416 1
417 416 1
424 416 1
446 416 1
399 417 1
404 417 1
416 417 1
417 417 1
418 418 1
427 418 1
419 419 1
421 419 1
420 420 1
421 420 1
408 421 1
411 421 1
419 421 1
420 421 1
421 421 1
422 422 1
428 422 1
1339 422 1
406 423 1
423 423 1
403 424 1
416 424 1
424 424 1
434 424 1
412 425 1
425 425 1
431 425 1
432 425 1
446 425 1
402 426 1
426 426 1
432 426 1
438 426 1
405 427 1
415 427 1
418 427 1
427 427 1
428 427 1
429 427 1
430 427 1
431 427 1
432 427 1
439 427 1
441 427 1
443 427 1
422 428 1
427 428 1
428 428 1
427 429 1
429 429 1
1344 429 1
411 430 1
427 430 1
430 430 1
440 430 1
410 431 1
425 431 1
427 431 1
431 431 1
425 432 1
426 432 1
427 432 1
432 432 1
433 432 1
432 433 1
433 433 1
424 434 1
434 434 1
1387 434 1
435 435 1
436 435 1
437 435 1
444 435 1
697 435 1
435 436 1
436 436 1
442 436 1
435 437 1
437 437 1
426 438 1
438 438 1
442 438 1
444 438 1
427 439 1
439 439 1
404 440 1
430 440 1
440 440 1
687 440 1
427 441 1
441 441 1
403 442 1
436 442 1
438 442 1
442 442 1
427 443 1
443 443 1
435 444 1
438 444 1
444 444 1
445 444 1
608 444 1
444 445 1
445 445 1
413 446 1
416 446 1
425 446 1
446 446 1
447 447 1
492 447 1
499 447 1
448 448 1
468 448 1
479 448 1
449 449 1
450 449 1
472 449 1
477 449 1
478 449 1
449 450 1
450 450 1
455 450 1
483 450 1
100 451 1
451 451 1
454 451 1
498 451 1
452 452 1
467 452 1
500 452 1
453 453 1
477 453 1
501 453 1
451 454 1
454 454 1
465 454 1
480 454 1
481 454 1
482 454 1
501 454 1
450 455 1
455 455 1
456 455 1
457 455 1
459 455 1
493 455 1
455 456 1
456 456 1
500 456 1
455 457 1
457 457 1
100 458 1
458 458 1
460 458 1
470 458 1
494 458 1
497 458 1
353 459 1
455 459 1
459 459 1
458 460 1
460 460 1
471 460 1
461 461 1
480 461 1
493 461 1
497 461 1
462 462 1
469 462 1
472 462 1
79 463 1
463 463 1
464 463 1
498 463 1
463 464 1
464 464 1
454 465 1
465 465 1
466 465 1
501 465 1
465 466 1
466 466 1
452 467 1
467 467 1
473 467 1
448 468 1
468 468 1
473 468 1
462 469 1
469 469 1
492 469 1
458 470 1
470 470 1
499 470 1
460 471 1
471 471 1
491 471 1
449 472 1
462 472 1
472 472 1
490 472 1
467 473 1
468 473 1
473 473 1
474 474 1
486 474 1
496 474 1
475 475 1
476 475 1
477 475 1
496 475 1
475 476 1
476 476 1
483 476 1
492 476 1
449 477 1
453 477 1
475 477 1
477 477 1
449 478 1
478 478 1
484 478 1
448 479 1
479 479 1
498 479 1
454 480 1
461 480 1
480 480 1
454 481 1
481 481 1
491 481 1
454 482 1
482 482 1
490 482 1
450 483 1
476 483 1
483 483 1
485 483 1
500 483 1
478 484 1
484 484 1
501 484 1
483 485 1
485 485 1
487 485 1
488 485 1
489 485 1
474 486 1
486 486 1
499 486 1
485 487 1
487 487 1
485 488 1
488 488 1
485 489 1
489 489 1
472 490 1
482 490 1
490 490 1
501 490 1
471 491 1
481 491 1
491 491 1
493 491 1
447 492 1
469 492 1
476 492 1
492 492 1
455 493 1
461 493 1
491 493 1
493 493 1
458 494 1
494 494 1
499 494 1
495 495 1
501 495 1
474 496 1
475 496 1
496 496 1
458 497 1
461 497 1
497 497 1
451 498 1
463 498 1
479 498 1
498 498 1
447 499 1
470 499 1
486 499 1
494 499 1
499 499 1
500 499 1
452 500 1
456 500 1
483 500 1
499 500 1
500 500 1
453 501 1
454 501 1
465 501 1
484 501 1
490 501 1
495 501 1
501 501 1
502 502 1
517 502 1
503 503 1
504 503 1
535 503 1
570 503 1
573 503 1
503 504 1
504 504 1
505 505 1
506 505 1
570 505 1
574 505 1
505 506 1
506 506 1
545 506 1
571 506 1
507 507 1
508 507 1
527 507 1
531 507 1
507 508 1
508 508 1
532 508 1
572 508 1
509 509 1
510 509 1
525 509 1
544 509 1
556 509 1
509 510 1
510 510 1
512 510 1
526 510 1
557 510 1
511 511 1
512 511 1
518 511 1
510 512 1
511 512 1
512 512 1
531 512 1
557 512 1
513 513 1
565 513 1
570 513 1
61 514 1
514 514 1
545 514 1
515 515 1
516 515 1
523 515 1
529 515 1
515 516 1
516 516 1
517 516 1
519 516 1
502 517 1
516 517 1
517 517 1
519 517 1
527 517 1
511 518 1
518 518 1
531 518 1
556 518 1
516 519 1
517 519 1
519 519 1
565 519 1
520 520 1
549 520 1
550 520 1
559 520 1
521 521 1
528 521 1
535 521 1
550 521 1
522 522 1
535 522 1
536 522 1
566 522 1
515 523 1
523 523 1
524 523 1
529 523 1
72 524 1
523 524 1
524 524 1
509 525 1
525 525 1
526 525 1
561 525 1
510 526 1
525 526 1
526 526 1
531 526 1
569 526 1
507 527 1
517 527 1
527 527 1
557 527 1
521 528 1
528 528 1
515 529 1
523 529 1
529 529 1
530 529 1
529 530 1
530 530 1
507 531 1
512 531 1
518 531 1
526 531 1
531 531 1
532 531 1
533 531 1
534 531 1
556 531 1
557 531 1
569 531 1
508 532 1
531 532 1
532 532 1
531 533 1
533 533 1
531 534 1
534 534 1
503 535 1
521 535 1
522 535 1
535 535 1
576 535 1
522 536 1
536 536 1
537 536 1
536 537 1
537 537 1
558 537 1
538 538 1
539 538 1
540 538 1
541 538 1
538 539 1
539 539 1
542 539 1
543 539 1
559 539 1
570 539 1
538 540 1
540 540 1
538 541 1
541 541 1
539 542 1
542 542 1
539 543 1
543 543 1
509 544 1
544 544 1
561 544 1
506 545 1
514 545 1
545 545 1
546 546 1
547 546 1
548 546 1
546 547 1
547 547 1
549 547 1
570 547 1
546 548 1
548 548 1
520 549 1
547 549 1
549 549 1
552 549 1
570 549 1
576 549 1
520 550 1
521 550 1
550 550 1
551 550 1
570 550 1
550 551 1
551 551 1
549 552 1
552 552 1
553 553 1
556 553 1
554 554 1
556 554 1
555 555 1
557 555 1
509 556 1
518 556 1
531 556 1
553 556 1
554 556 1
556 556 1
557 556 1
510 557 1
512 557 1
527 557 1
531 557 1
555 557 1
556 557 1
557 557 1
62 558 1
99 558 1
537 558 1
558 558 1
563 558 1
564 558 1
572 558 1
520 559 1
539 559 1
559 559 1
560 559 1
559 560 1
560 560 1
572 560 1
525 561 1
544 561 1
561 561 1
562 561 1
561 562 1
562 562 1
569 562 1
558 563 1
563 563 1
558 564 1
564 564 1
513 565 1
519 565 1
565 565 1
522 566 1
566 566 1
567 566 1
566 567 1
567 567 1
568 567 1
576 567 1
567 568 1
568 568 1
526 569 1
531 569 1
562 569 1
569 569 1
503 570 1
505 570 1
513 570 1
539 570 1
547 570 1
549 570 1
550 570 1
570 570 1
571 570 1
572 570 1
506 571 1
570 571 1
571 571 1
62 572 1
508 572 1
558 572 1
560 572 1
570 572 1
572 572 1
503 573 1
573 573 1
99 574 1
505 574 1
574 574 1
575 575 1
576 575 1
577 575 1
535 576 1
549 576 1
567 576 1
575 576 1
576 576 1
575 577 1
577 577 1
578 578 1
740 578 1
836 578 1
579 579 1
595 579 1
835 579 1
580 580 1
581 580 1
589 580 1
714 580 1
819 580 1
580 581 1
581 581 1
699 581 1
760 581 1
582 582 1
583 582 1
584 582 1
656 582 1
666 582 1
701 582 1
796 582 1
582 583 1
583 583 1
726 583 1
582 584 1
584 584 1
652 584 1
656 584 1
585 585 1
668 585 1
735 585 1
780 585 1
586 586 1
587 586 1
591 586 1
703 586 1
767 586 1
774 586 1
586 587 1
587 587 1
592 587 1
594 587 1
775 587 1
588 588 1
589 588 1
580 589 1
588 589 1
589 589 1
590 589 1
589 590 1
590 590 1
586 591 1
591 591 1
592 591 1
631 591 1
587 592 1
591 592 1
592 592 1
632 592 1
641 592 1
750 592 1
794 592 1
834 592 1
593 593 1
642 593 1
799 593 1
587 594 1
594 594 1
745 594 1
764 594 1
579 595 1
595 595 1
668 595 1
739 595 1
798 595 1
596 596 1
618 596 1
670 596 1
741 596 1
789 596 1
796 596 1
597 597 1
598 597 1
644 597 1
597 598 1
598 598 1
599 598 1
613 598 1
618 598 1
645 598 1
646 598 1
647 598 1
683 598 1
728 598 1
733 598 1
740 598 1
820 598 1
598 599 1
599 599 1
695 599 1
600 600 1
648 600 1
736 600 1
601 601 1
602 601 1
786 601 1
803 601 1
820 601 1
601 602 1
602 602 1
603 603 1
653 603 1
804 603 1
806 603 1
264 604 1
604 604 1
605 604 1
641 604 1
794 604 1
1448 604 1
604 605 1
605 605 1
606 606 1
607 606 1
630 606 1
700 606 1
606 607 1
607 607 1
444 608 1
608 608 1
763 608 1
609 609 1
610 609 1
750 609 1
775 609 1
609 610 1
610 610 1
611 611 1
652 611 1
670 611 1
612 612 1
785 612 1
837 612 1
1 613 1
598 613 1
613 613 1
614 614 1
760 614 1
615 615 1
714 615 1
729 615 1
746 615 1
753 615 1
815 615 1
616 616 1
617 616 1
616 617 1
617 617 1
784 617 1
596 618 1
598 618 1
618 618 1
619 619 1
620 619 1
621 619 1
622 619 1
632 619 1
804 619 1
619 620 1
620 620 1
623 620 1
633 620 1
743 620 1
802 620 1
619 621 1
621 621 1
619 622 1
622 622 1
620 623 1
623 623 1
624 624 1
700 624 1
762 624 1
625 625 1
689 625 1
697 625 1
626 626 1
627 626 1
748 626 1
824 626 1
626 627 1
627 627 1
632 627 1
637 627 1
732 627 1
785 627 1
825 627 1
628 628 1
667 628 1
690 628 1
705 628 1
629 629 1
630 629 1
606 630 1
629 630 1
630 630 1
713 630 1
591 631 1
631 631 1
632 631 1
634 631 1
592 632 1
619 632 1
627 632 1
631 632 1
632 632 1
633 632 1
635 632 1
740 632 1
753 632 1
768 632 1
834 632 1
620 633 1
632 633 1
633 633 1
636 633 1
680 633 1
776 633 1
631 634 1
634 634 1
632 635 1
635 635 1
633 636 1
636 636 1
627 637 1
637 637 1
638 637 1
639 637 1
659 637 1
724 637 1
807 637 1
813 637 1
815 637 1
837 637 1
637 638 1
638 638 1
776 638 1
637 639 1
639 639 1
776 639 1
640 640 1
815 640 1
816 640 1
592 641 1
604 641 1
641 641 1
593 642 1
642 642 1
643 642 1
243 643 1
642 643 1
643 643 1
743 643 1
597 644 1
644 644 1
598 645 1
645 645 1
598 646 1
646 646 1
598 647 1
647 647 1
600 648 1
648 648 1
728 648 1
649 649 1
655 649 1
773 649 1
650 650 1
711 650 1
829 650 1
651 651 1
659 651 1
807 651 1
584 652 1
611 652 1
652 652 1
603 653 1
653 653 1
654 653 1
673 653 1
787 653 1
653 654 1
654 654 1
649 655 1
655 655 1
656 655 1
582 656 1
584 656 1
655 656 1
656 656 1
671 656 1
681 656 1
779 656 1
657 657 1
658 657 1
657 658 1
658 658 1
785 658 1
802 658 1
832 658 1
637 659 1
651 659 1
659 659 1
664 659 1
724 659 1
660 660 1
661 660 1
663 660 1
660 661 1
661 661 1
662 661 1
663 661 1
661 662 1
662 662 1
756 662 1
660 663 1
661 663 1
663 663 1
685 663 1
688 663 1
659 664 1
664 664 1
807 664 1
312 665 1
665 665 1
829 665 1
582 666 1
666 666 1
779 666 1
628 667 1
667 667 1
687 667 1
585 668 1
595 668 1
668 668 1
669 668 1
692 668 1
828 668 1
668 669 1
669 669 1
736 669 1
596 670 1
611 670 1
670 670 1
656 671 1
671 671 1
676 671 1
672 672 1
673 672 1
653 673 1
672 673 1
673 673 1
804 673 1
674 674 1
739 674 1
758 674 1
780 674 1
675 675 1
676 675 1
838 675 1
671 676 1
675 676 1
676 676 1
812 676 1
677 677 1
707 677 1
733 677 1
820 677 1
678 678 1
695 678 1
721 678 1
790 678 1
679 679 1
680 679 1
633 680 1
679 680 1
680 680 1
695 680 1
718 680 1
757 680 1
826 680 1
656 681 1
681 681 1
812 681 1
314 682 1
682 682 1
777 682 1
598 683 1
683 683 1
686 683 1
684 684 1
685 684 1
711 684 1
745 684 1
663 685 1
684 685 1
685 685 1
716 685 1
683 686 1
686 686 1
736 686 1
404 687 1
440 687 1
667 687 1
687 687 1
688 687 1
750 687 1
663 688 1
687 688 1
688 688 1
625 689 1
689 689 1
691 689 1
628 690 1
690 690 1
691 690 1
689 691 1
690 691 1
691 691 1
668 692 1
692 692 1
693 692 1
694 692 1
692 693 1
693 693 1
692 694 1
694 694 1
599 695 1
678 695 1
680 695 1
695 695 1
696 695 1
718 695 1
726 695 1
757 695 1
695 696 1
696 696 1
435 697 1
625 697 1
697 697 1
698 698 1
699 698 1
781 698 1
809 698 1
581 699 1
698 699 1
699 699 1
755 699 1
606 700 1
624 700 1
700 700 1
722 700 1
582 701 1
701 701 1
702 701 1
701 702 1
702 702 1
726 702 1
586 703 1
703 703 1
744 703 1
763 703 1
704 704 1
714 704 1
839 704 1
628 705 1
705 705 1
706 705 1
750 705 1
705 706 1
706 706 1
677 707 1
707 707 1
820 707 1
708 708 1
709 708 1
716 708 1
718 708 1
708 709 1
709 709 1
710 710 1
711 710 1
756 710 1
332 711 1
650 711 1
684 711 1
710 711 1
711 711 1
712 712 1
713 712 1
715 712 1
838 712 1
630 713 1
712 713 1
713 713 1
812 713 1
580 714 1
615 714 1
704 714 1
714 714 1
712 715 1
715 715 1
773 715 1
685 716 1
708 716 1
716 716 1
717 716 1
716 717 1
717 717 1
680 718 1
695 718 1
708 718 1
718 718 1
719 718 1
718 719 1
719 719 1
720 720 1
722 720 1
723 720 1
678 721 1
721 721 1
723 721 1
970 721 1
700 722 1
720 722 1
722 722 1
720 723 1
721 723 1
723 723 1
637 724 1
659 724 1
724 724 1
725 724 1
727 724 1
785 724 1
795 724 1
806 724 1
817 724 1
724 725 1
725 725 1
743 725 1
776 725 1
583 726 1
695 726 1
702 726 1
726 726 1
755 726 1
797 726 1
724 727 1
727 727 1
807 727 1
598 728 1
648 728 1
728 728 1
778 728 1
615 729 1
729 729 1
730 729 1
746 729 1
729 730 1
730 730 1
731 731 1
782 731 1
784 731 1
824 731 1
627 732 1
732 732 1
785 732 1
598 733 1
677 733 1
733 733 1
734 733 1
741 733 1
801 733 1
733 734 1
734 734 1
757 734 1
585 735 1
735 735 1
736 735 1
737 735 1
600 736 1
669 736 1
686 736 1
735 736 1
736 736 1
738 736 1
786 736 1
792 736 1
796 736 1
829 736 1
735 737 1
737 737 1
736 738 1
738 738 1
595 739 1
674 739 1
739 739 1
740 739 1
748 739 1
798 739 1
578 740 1
598 740 1
632 740 1
739 740 1
740 740 1
759 740 1
768 740 1
769 740 1
771 740 1
823 740 1
825 740 1
596 741 1
733 741 1
741 741 1
742 742 1
743 742 1
800 742 1
805 742 1
620 743 1
643 743 1
725 743 1
742 743 1
743 743 1
703 744 1
744 744 1
745 744 1
756 744 1
594 745 1
684 745 1
744 745 1
745 745 1
615 746 1
729 746 1
746 746 1
747 746 1
746 747 1
747 747 1
626 748 1
739 748 1
748 748 1
822 748 1
749 749 1
799 749 1
804 749 1
592 750 1
609 750 1
687 750 1
705 750 1
750 750 1
751 750 1
764 750 1
750 751 1
751 751 1
752 752 1
817 752 1
615 753 1
632 753 1
753 753 1
754 753 1
816 753 1
753 754 1
754 754 1
760 754 1
699 755 1
726 755 1
755 755 1
757 755 1
662 756 1
710 756 1
744 756 1
756 756 1
680 757 1
695 757 1
734 757 1
755 757 1
757 757 1
821 757 1
674 758 1
758 758 1
759 758 1
822 758 1
740 759 1
758 759 1
759 759 1
581 760 1
614 760 1
754 760 1
760 760 1
776 760 1
761 761 1
789 761 1
624 762 1
762 762 1
778 762 1
608 763 1
703 763 1
763 763 1
764 763 1
774 763 1
594 764 1
750 764 1
763 764 1
764 764 1
765 765 1
766 765 1
822 765 1
765 766 1
766 766 1
823 766 1
825 766 1
586 767 1
767 767 1
774 767 1
632 768 1
740 768 1
768 768 1
740 769 1
769 769 1
770 769 1
825 769 1
769 770 1
770 770 1
740 771 1
771 771 1
772 771 1
771 772 1
772 772 1
649 773 1
715 773 1
773 773 1
586 774 1
763 774 1
767 774 1
774 774 1
775 774 1
587 775 1
609 775 1
774 775 1
775 775 1
633 776 1
638 776 1
639 776 1
725 776 1
760 776 1
776 776 1
802 776 1
814 776 1
826 776 1
682 777 1
777 777 1
778 777 1
728 778 1
762 778 1
777 778 1
778 778 1
789 778 1
656 779 1
666 779 1
779 779 1
585 780 1
674 780 1
780 780 1
835 780 1
698 781 1
781 781 1
786 781 1
819 781 1
731 782 1
782 782 1
783 783 1
785 783 1
617 784 1
731 784 1
784 784 1
785 784 1
612 785 1
627 785 1
658 785 1
724 785 1
732 785 1
783 785 1
784 785 1
785 785 1
793 785 1
601 786 1
736 786 1
781 786 1
786 786 1
803 786 1
808 786 1
839 786 1
653 787 1
787 787 1
788 787 1
787 788 1
788 788 1
596 789 1
761 789 1
778 789 1
789 789 1
790 789 1
791 789 1
678 790 1
789 790 1
790 790 1
789 791 1
791 791 1
323 792 1
736 792 1
792 792 1
785 793 1
793 793 1
592 794 1
604 794 1
794 794 1
724 795 1
795 795 1
805 795 1
582 796 1
596 796 1
736 796 1
796 796 1
797 796 1
726 797 1
796 797 1
797 797 1
595 798 1
739 798 1
798 798 1
593 799 1
749 799 1
799 799 1
800 799 1
742 800 1
799 800 1
800 800 1
804 800 1
733 801 1
801 801 1
809 801 1
620 802 1
658 802 1
776 802 1
802 802 1
601 803 1
786 803 1
803 803 1
603 804 1
619 804 1
673 804 1
749 804 1
800 804 1
804 804 1
742 805 1
795 805 1
805 805 1
806 805 1
603 806 1
724 806 1
805 806 1
806 806 1
637 807 1
651 807 1
664 807 1
727 807 1
807 807 1
817 807 1
786 808 1
808 808 1
698 809 1
801 809 1
809 809 1
819 809 1
810 810 1
811 810 1
839 810 1
810 811 1
811 811 1
676 812 1
681 812 1
713 812 1
812 812 1
637 813 1
813 813 1
814 813 1
776 814 1
813 814 1
814 814 1
615 815 1
637 815 1
640 815 1
815 815 1
640 816 1
753 816 1
816 816 1
837 816 1
724 817 1
752 817 1
807 817 1
817 817 1
818 818 1
819 818 1
580 819 1
781 819 1
809 819 1
818 819 1
819 819 1
598 820 1
601 820 1
677 820 1
707 820 1
820 820 1
821 820 1
757 821 1
820 821 1
821 821 1
748 822 1
758 822 1
765 822 1
822 822 1
823 822 1
740 823 1
766 823 1
822 823 1
823 823 1
626 824 1
731 824 1
824 824 1
627 825 1
740 825 1
766 825 1
769 825 1
825 825 1
826 825 1
829 825 1
830 825 1
831 825 1
680 826 1
776 826 1
825 826 1
826 826 1
827 827 1
828 827 1
829 827 1
668 828 1
827 828 1
828 828 1
650 829 1
665 829 1
736 829 1
825 829 1
827 829 1
829 829 1
825 830 1
830 830 1
825 831 1
831 831 1
658 832 1
832 832 1
833 832 1
832 833 1
833 833 1
592 834 1
632 834 1
834 834 1
579 835 1
780 835 1
835 835 1
836 835 1
578 836 1
835 836 1
836 836 1
612 837 1
637 837 1
816 837 1
837 837 1
675 838 1
712 838 1
838 838 1
704 839 1
786 839 1
810 839 1
839 839 1
840 840 1
915 840 1
971 840 1
841 841 1
964 841 1
993 841 1
842 842 1
888 842 1
922 842 1
843 843 1
852 843 1
897 843 1
844 844 1
928 844 1
991 844 1
845 845 1
846 845 1
845 846 1
846 846 1
857 846 1
979 846 1
847 847 1
851 847 1
881 847 1
966 847 1
981 847 1
985 847 1
994 847 1
998 847 1
848 848 1
942 848 1
964 848 1
849 849 1
897 849 1
998 849 1
850 850 1
851 850 1
993 850 1
847 851 1
850 851 1
851 851 1
965 851 1
843 852 1
852 852 1
888 852 1
853 853 1
854 853 1
853 854 1
854 854 1
894 854 1
903 854 1
997 854 1
855 855 1
857 855 1
856 856 1
857 856 1
846 857 1
855 857 1
856 857 1
857 857 1
858 858 1
928 858 1
973 858 1
859 859 1
868 859 1
991 859 1
860 860 1
891 860 1
861 861 1
994 861 1
862 862 1
937 862 1
944 862 1
863 863 1
864 863 1
863 864 1
864 864 1
943 864 1
965 864 1
865 865 1
866 865 1
991 865 1
865 866 1
866 866 1
882 866 1
890 866 1
909 866 1
946 866 1
969 866 1
975 866 1
987 866 1
991 866 1
867 867 1
965 867 1
859 868 1
868 868 1
869 868 1
871 868 1
914 868 1
939 868 1
991 868 1
868 869 1
869 869 1
870 869 1
939 869 1
981 869 1
869 870 1
870 870 1
868 871 1
871 871 1
872 872 1
873 872 1
874 872 1
889 872 1
923 872 1
872 873 1
873 873 1
872 874 1
874 874 1
875 875 1
876 875 1
1143 875 1
875 876 1
876 876 1
953 876 1
964 876 1
1141 876 1
1142 876 1
877 877 1
912 877 1
944 877 1
878 878 1
915 878 1
971 878 1
879 879 1
940 879 1
964 879 1
880 880 1
881 880 1
847 881 1
880 881 1
881 881 1
985 881 1
866 882 1
882 882 1
885 882 1
898 882 1
909 882 1
987 882 1
883 883 1
952 883 1
972 883 1
884 884 1
885 884 1
886 884 1
891 884 1
882 885 1
884 885 1
885 885 1
887 885 1
884 886 1
886 886 1
885 887 1
887 887 1
842 888 1
852 888 1
888 888 1
889 888 1
893 888 1
896 888 1
931 888 1
944 888 1
872 889 1
888 889 1
889 889 1
913 889 1
923 889 1
866 890 1
890 890 1
991 890 1
860 891 1
884 891 1
891 891 1
892 891 1
953 891 1
891 892 1
892 892 1
894 892 1
941 892 1
962 892 1
888 893 1
893 893 1
922 893 1
854 894 1
892 894 1
894 894 1
954 894 1
981 894 1
997 894 1
895 895 1
944 895 1
960 895 1
888 896 1
896 896 1
917 896 1
843 897 1
849 897 1
897 897 1
906 897 1
994 897 1
882 898 1
898 898 1
965 898 1
987 898 1
899 899 1
900 899 1
979 899 1
984 899 1
899 900 1
900 900 1
901 901 1
976 901 1
991 901 1
902 902 1
903 902 1
854 903 1
902 903 1
903 903 1
997 903 1
904 904 1
948 904 1
905 905 1
909 905 1
897 906 1
906 906 1
960 906 1
907 907 1
922 907 1
908 908 1
909 908 1
866 909 1
882 909 1
905 909 1
908 909 1
909 909 1
975 909 1
988 909 1
910 910 1
917 910 1
911 911 1
989 911 1
991 911 1
877 912 1
912 912 1
913 912 1
944 912 1
990 912 1
889 913 1
912 913 1
913 913 1
923 913 1
938 913 1
982 913 1
868 914 1
914 914 1
939 914 1
840 915 1
878 915 1
915 915 1
916 915 1
924 915 1
915 916 1
916 916 1
972 916 1
896 917 1
910 917 1
917 917 1
960 917 1
918 918 1
919 918 1
926 918 1
937 918 1
939 918 1
918 919 1
919 919 1
938 919 1
982 919 1
920 920 1
921 920 1
920 921 1
921 921 1
962 921 1
842 922 1
893 922 1
907 922 1
922 922 1
923 922 1
931 922 1
872 923 1
889 923 1
913 923 1
922 923 1
923 923 1
1236 923 1
915 924 1
924 924 1
971 924 1
925 925 1
981 925 1
990 925 1
918 926 1
926 926 1
927 927 1
982 927 1
992 927 1
844 928 1
858 928 1
928 928 1
952 928 1
972 928 1
976 928 1
929 929 1
931 929 1
930 930 1
931 930 1
888 931 1
922 931 1
929 931 1
930 931 1
931 931 1
932 932 1
933 932 1
936 932 1
937 932 1
932 933 1
933 933 1
934 934 1
937 934 1
935 935 1
938 935 1
932 936 1
936 936 1
937 936 1
862 937 1
918 937 1
932 937 1
934 937 1
936 937 1
937 937 1
938 937 1
944 937 1
913 938 1
919 938 1
935 938 1
937 938 1
938 938 1
868 939 1
869 939 1
914 939 1
918 939 1
939 939 1
972 939 1
981 939 1
879 940 1
940 940 1
942 940 1
892 941 1
941 941 1
965 941 1
848 942 1
940 942 1
942 942 1
943 942 1
945 942 1
864 943 1
942 943 1
943 943 1
979 943 1
862 944 1
877 944 1
888 944 1
895 944 1
912 944 1
937 944 1
944 944 1
942 945 1
945 945 1
964 945 1
866 946 1
946 946 1
969 946 1
947 947 1
948 947 1
904 948 1
947 948 1
948 948 1
969 948 1
949 949 1
969 949 1
950 950 1
969 950 1
951 951 1
952 951 1
955 951 1
883 952 1
928 952 1
951 952 1
952 952 1
956 952 1
957 952 1
958 952 1
959 952 1
973 952 1
976 952 1
981 952 1
876 953 1
891 953 1
953 953 1
894 954 1
954 954 1
997 954 1
951 955 1
955 955 1
952 956 1
956 956 1
952 957 1
957 957 1
952 958 1
958 958 1
952 959 1
959 959 1
895 960 1
906 960 1
917 960 1
960 960 1
961 961 1
962 961 1
892 962 1
921 962 1
961 962 1
962 962 1
963 963 1
972 963 1
981 963 1
841 964 1
848 964 1
876 964 1
879 964 1
945 964 1
964 964 1
965 964 1
851 965 1
864 965 1
867 965 1
898 965 1
941 965 1
964 965 1
965 965 1
966 965 1
968 965 1
979 965 1
847 966 1
965 966 1
966 966 1
967 966 1
977 966 1
995 966 1
966 967 1
967 967 1
965 968 1
968 968 1
866 969 1
946 969 1
948 969 1
949 969 1
950 969 1
969 969 1
970 969 1
721 970 1
969 970 1
970 970 1
980 970 1
840 971 1
878 971 1
924 971 1
971 971 1
972 971 1
883 972 1
916 972 1
928 972 1
939 972 1
963 972 1
971 972 1
972 972 1
858 973 1
952 973 1
973 973 1
974 974 1
975 974 1
866 975 1
909 975 1
974 975 1
975 975 1
987 975 1
901 976 1
928 976 1
952 976 1
976 976 1
966 977 1
977 977 1
981 977 1
978 978 1
979 978 1
846 979 1
899 979 1
943 979 1
965 979 1
978 979 1
979 979 1
980 979 1
984 979 1
970 980 1
979 980 1
980 980 1
982 980 1
992 980 1
847 981 1
869 981 1
894 981 1
925 981 1
939 981 1
952 981 1
963 981 1
977 981 1
981 981 1
982 981 1
987 981 1
995 981 1
913 982 1
919 982 1
927 982 1
980 982 1
981 982 1
982 982 1
983 983 1
984 983 1
899 984 1
979 984 1
983 984 1
984 984 1
847 985 1
881 985 1
985 985 1
986 985 1
985 986 1
986 986 1
866 987 1
882 987 1
898 987 1
975 987 1
981 987 1
987 987 1
909 988 1
988 988 1
911 989 1
989 989 1
991 989 1
912 990 1
925 990 1
990 990 1
844 991 1
859 991 1
865 991 1
866 991 1
868 991 1
890 991 1
901 991 1
911 991 1
989 991 1
991 991 1
992 991 1
927 992 1
980 992 1
991 992 1
992 992 1
841 993 1
850 993 1
993 993 1
847 994 1
861 994 1
897 994 1
994 994 1
966 995 1
981 995 1
995 995 1
996 996 1
997 996 1
854 997 1
894 997 1
903 997 1
954 997 1
996 997 1
997 997 1
847 998 1
849 998 1
998 998 1
999 999 1
1024 999 1
1030 999 1
1000 1000 1
1028 1000 1
1393 1000 1
1001 1001 1
1016 1001 1
1025 1001 1
1029 1001 1
1002 1002 1
1004 1002 1
1253 1002 1
1003 1003 1
1005 1003 1
1017 1003 1
1023 1003 1
1002 1004 1
1004 1004 1
1005 1004 1
1006 1004 1
1258 1004 1
1003 1005 1
1004 1005 1
1005 1005 1
1007 1005 1
1008 1005 1
1018 1005 1
1285 1005 1
1004 1006 1
1006 1006 1
1005 1007 1
1007 1007 1
1005 1008 1
1008 1008 1
1009 1009 1
1024 1009 1
1306 1009 1
1010 1010 1
1011 1010 1
1032 1010 1
1010 1011 1
1011 1011 1
1019 1011 1
1012 1012 1
1025 1012 1
1032 1012 1
1013 1013 1
1019 1013 1
1027 1013 1
1014 1014 1
1024 1014 1
1028 1014 1
1015 1015 1
1022 1015 1
1285 1015 1
1001 1016 1
1016 1016 1
1017 1016 1
1003 1017 1
1016 1017 1
1017 1017 1
1005 1018 1
1018 1018 1
1020 1018 1
1011 1019 1
1013 1019 1
1019 1019 1
1018 1020 1
1020 1020 1
1021 1020 1
301 1021 1
1020 1021 1
1021 1021 1
1024 1021 1
1015 1022 1
1022 1022 1
1026 1022 1
1003 1023 1
1023 1023 1
1027 1023 1
1030 1023 1
999 1024 1
1009 1024 1
1014 1024 1
1021 1024 1
1024 1024 1
1001 1025 1
1012 1025 1
1025 1025 1
1022 1026 1
1026 1026 1
1029 1026 1
1013 1027 1
1023 1027 1
1027 1027 1
1287 1027 1
1000 1028 1
1014 1028 1
1028 1028 1
1001 1029 1
1026 1029 1
1029 1029 1
999 1030 1
1023 1030 1
1030 1030 1
407 1031 1
1031 1031 1
1032 1031 1
408 1032 1
1010 1032 1
1012 1032 1
1031 1032 1
1032 1032 1
1353 1032 1
1033 1033 1
1075 1033 1
1034 1034 1
1086 1034 1
1035 1035 1
1063 1035 1
1069 1035 1
1036 1036 1
1082 1036 1
1243 1036 1
1292 1036 1
1037 1037 1
1038 1037 1
1065 1037 1
1072 1037 1
1037 1038 1
1038 1038 1
1056 1038 1
1067 1038 1
1039 1039 1
1041 1039 1
1074 1039 1
1040 1040 1
1041 1040 1
1039 1041 1
1040 1041 1
1041 1041 1
1060 1041 1
1068 1041 1
1042 1042 1
1043 1042 1
1042 1043 1
1043 1043 1
1079 1043 1
1044 1044 1
1075 1044 1
1076 1044 1
1045 1045 1
1046 1045 1
1048 1045 1
1049 1045 1
1050 1045 1
1061 1045 1
1077 1045 1
1083 1045 1
1249 1045 1
1045 1046 1
1046 1046 1
1047 1047 1
1048 1047 1
1045 1048 1
1047 1048 1
1048 1048 1
1078 1048 1
1080 1048 1
1045 1049 1
1049 1049 1
1045 1050 1
1050 1050 1
1051 1051 1
1059 1051 1
1069 1051 1
1262 1051 1
1052 1052 1
1053 1052 1
1054 1052 1
1071 1052 1
1052 1053 1
1053 1053 1
1052 1054 1
1054 1054 1
1058 1054 1
1073 1054 1
1055 1055 1
1056 1055 1
1076 1055 1
1038 1056 1
1055 1056 1
1056 1056 1
1057 1056 1
1073 1056 1
1056 1057 1
1057 1057 1
1054 1058 1
1058 1058 1
1070 1058 1
1073 1058 1
1080 1058 1
1086 1058 1
1051 1059 1
1059 1059 1
1060 1059 1
1074 1059 1
1041 1060 1
1059 1060 1
1060 1060 1
1045 1061 1
1061 1061 1
1062 1061 1
1083 1061 1
1061 1062 1
1062 1062 1
1087 1062 1
1035 1063 1
1063 1063 1
1064 1063 1
1063 1064 1
1064 1064 1
1070 1064 1
1079 1064 1
1037 1065 1
1065 1065 1
1066 1065 1
1065 1066 1
1066 1066 1
1067 1066 1
1038 1067 1
1066 1067 1
1067 1067 1
1041 1068 1
1068 1068 1
1078 1068 1
1085 1068 1
1086 1068 1
1035 1069 1
1051 1069 1
1069 1069 1
1070 1069 1
1075 1069 1
1058 1070 1
1064 1070 1
1069 1070 1
1070 1070 1
1052 1071 1
1071 1071 1
1073 1071 1
1037 1072 1
1072 1072 1
1073 1072 1
1076 1072 1
1054 1073 1
1056 1073 1
1058 1073 1
1071 1073 1
1072 1073 1
1073 1073 1
1272 1073 1
1326 1073 1
1039 1074 1
1059 1074 1
1074 1074 1
1033 1075 1
1044 1075 1
1069 1075 1
1075 1075 1
1313 1075 1
1044 1076 1
1055 1076 1
1072 1076 1
1076 1076 1
1045 1077 1
1077 1077 1
1078 1077 1
1083 1077 1
1089 1077 1
1048 1078 1
1068 1078 1
1077 1078 1
1078 1078 1
1043 1079 1
1064 1079 1
1079 1079 1
1299 1079 1
1302 1079 1
1048 1080 1
1058 1080 1
1080 1080 1
1082 1080 1
1081 1081 1
1082 1081 1
1036 1082 1
1080 1082 1
1081 1082 1
1082 1082 1
1085 1082 1
1088 1082 1
1045 1083 1
1061 1083 1
1077 1083 1
1083 1083 1
1084 1083 1
1249 1083 1
1083 1084 1
1084 1084 1
1068 1085 1
1082 1085 1
1085 1085 1
1034 1086 1
1058 1086 1
1068 1086 1
1086 1086 1
1062 1087 1
1087 1087 1
1088 1087 1
1274 1087 1
1279 1087 1
1082 1088 1
1087 1088 1
1088 1088 1
1242 1088 1
1077 1089 1
1089 1089 1
1090 1090 1
1091 1090 1
1093 1090 1
1090 1091 1
1091 1091 1
1105 1091 1
1092 1092 1
1100 1092 1
1105 1092 1
1090 1093 1
1093 1093 1
1094 1093 1
1095 1093 1
1097 1093 1
1099 1093 1
1107 1093 1
1108 1093 1
1110 1093 1
1093 1094 1
1094 1094 1
1093 1095 1
1095 1095 1
1096 1096 1
1097 1096 1
1098 1096 1
1099 1096 1
1093 1097 1
1096 1097 1
1097 1097 1
1096 1098 1
1098 1098 1
1106 1098 1
1093 1099 1
1096 1099 1
1099 1099 1
1092 1100 1
1100 1100 1
1104 1100 1
1101 1101 1
1102 1101 1
1103 1101 1
1109 1101 1
1101 1102 1
1102 1102 1
1114 1102 1
1101 1103 1
1103 1103 1
1114 1103 1
1100 1104 1
1104 1104 1
1114 1104 1
1091 1105 1
1092 1105 1
1105 1105 1
1106 1105 1
1107 1105 1
1114 1105 1
1098 1106 1
1105 1106 1
1106 1106 1
1231 1106 1
1093 1107 1
1105 1107 1
1107 1107 1
1093 1108 1
1108 1108 1
1101 1109 1
1109 1109 1
1111 1109 1
1093 1110 1
1110 1110 1
1112 1110 1
1109 1111 1
1111 1111 1
1110 1112 1
1112 1112 1
1231 1112 1
1113 1113 1
1114 1113 1
1115 1113 1
1102 1114 1
1103 1114 1
1104 1114 1
1105 1114 1
1113 1114 1
1114 1114 1
1116 1114 1
1117 1114 1
1118 1114 1
1113 1115 1
1115 1115 1
1114 1116 1
1116 1116 1
1114 1117 1
1117 1117 1
1114 1118 1
1118 1118 1
1119 1119 1
1130 1119 1
1134 1119 1
1120 1120 1
1121 1120 1
1125 1120 1
1129 1120 1
1132 1120 1
1145 1120 1
1120 1121 1
1121 1121 1
1129 1121 1
1122 1122 1
1123 1122 1
1154 1122 1
1122 1123 1
1123 1123 1
1136 1123 1
1137 1123 1
1141 1123 1
1142 1123 1
1124 1124 1
1125 1124 1
1120 1125 1
1124 1125 1
1125 1125 1
1136 1125 1
1126 1126 1
1129 1126 1
1127 1127 1
1129 1127 1
1128 1128 1
1129 1128 1
1130 1128 1
1120 1129 1
1121 1129 1
1126 1129 1
1127 1129 1
1128 1129 1
1129 1129 1
1140 1129 1
1119 1130 1
1128 1130 1
1130 1130 1
1131 1131 1
1134 1131 1
1150 1131 1
1120 1132 1
1132 1132 1
1133 1133 1
1144 1133 1
1149 1133 1
1119 1134 1
1131 1134 1
1134 1134 1
1135 1135 1
1140 1135 1
1145 1135 1
1123 1136 1
1125 1136 1
1136 1136 1
1140 1136 1
1123 1137 1
1137 1137 1
1152 1137 1
1138 1138 1
1155 1138 1
1139 1139 1
1145 1139 1
1152 1139 1
1129 1140 1
1135 1140 1
1136 1140 1
1140 1140 1
876 1141 1
1123 1141 1
1141 1141 1
876 1142 1
1123 1142 1
1142 1142 1
875 1143 1
1143 1143 1
1149 1143 1
1133 1144 1
1144 1144 1
1149 1144 1
1120 1145 1
1135 1145 1
1139 1145 1
1145 1145 1
1146 1145 1
1147 1145 1
1148 1145 1
1145 1146 1
1146 1146 1
1145 1147 1
1147 1147 1
1145 1148 1
1148 1148 1
1133 1149 1
1143 1149 1
1144 1149 1
1149 1149 1
1153 1149 1
1155 1149 1
1131 1150 1
1150 1150 1
1402 1150 1
1151 1151 1
1152 1151 1
1155 1151 1
1137 1152 1
1139 1152 1
1151 1152 1
1152 1152 1
1149 1153 1
1153 1153 1
1154 1153 1
1122 1154 1
1153 1154 1
1154 1154 1
1155 1154 1
1138 1155 1
1149 1155 1
1151 1155 1
1154 1155 1
1155 1155 1
1156 1156 1
1159 1156 1
1157 1157 1
1158 1157 1
1157 1158 1
1158 1158 1
1162 1158 1
1166 1158 1
1156 1159 1
1159 1159 1
1162 1159 1
1208 1159 1
1160 1160 1
1204 1160 1
1208 1160 1
1235 1160 1
1161 1161 1
1220 1161 1
1221 1161 1
1158 1162 1
1159 1162 1
1162 1162 1
1176 1162 1
1200 1162 1
1234 1162 1
1163 1163 1
1164 1163 1
1163 1164 1
1164 1164 1
1204 1164 1
1222 1164 1
1228 1164 1
1165 1165 1
1181 1165 1
1193 1165 1
1207 1165 1
1158 1166 1
1166 1166 1
1168 1166 1
1208 1166 1
1216 1166 1
1167 1167 1
1210 1167 1
1211 1167 1
1231 1167 1
1234 1167 1
1166 1168 1
1168 1168 1
1176 1168 1
1198 1168 1
1201 1168 1
1169 1169 1
1195 1169 1
1226 1169 1
1237 1169 1
1170 1170 1
1171 1170 1
1170 1171 1
1171 1171 1
1193 1171 1
1195 1171 1
1172 1172 1
1208 1172 1
1220 1172 1
1229 1172 1
1173 1173 1
1177 1173 1
1197 1173 1
1199 1173 1
1174 1174 1
1175 1174 1
1202 1174 1
1207 1174 1
106 1175 1
354 1175 1
1174 1175 1
1175 1175 1
1203 1175 1
1212 1175 1
1162 1176 1
1168 1176 1
1176 1176 1
1189 1176 1
1227 1176 1
1173 1177 1
1177 1177 1
1178 1177 1
1177 1178 1
1178 1178 1
1179 1179 1
1180 1179 1
1210 1179 1
1219 1179 1
1226 1179 1
1237 1179 1
1179 1180 1
1180 1180 1
136 1181 1
1165 1181 1
1181 1181 1
1182 1182 1
1183 1182 1
1198 1182 1
1182 1183 1
1183 1183 1
1229 1183 1
1235 1183 1
1184 1184 1
1197 1184 1
1201 1184 1
1185 1185 1
1186 1185 1
1185 1186 1
1186 1186 1
1207 1186 1
1187 1187 1
1188 1187 1
1187 1188 1
1188 1188 1
1207 1188 1
1176 1189 1
1189 1189 1
1190 1189 1
1191 1189 1
1189 1190 1
1190 1190 1
1189 1191 1
1191 1191 1
1192 1192 1
1193 1192 1
1165 1193 1
1171 1193 1
1192 1193 1
1193 1193 1
1194 1194 1
1195 1194 1
1169 1195 1
1171 1195 1
1194 1195 1
1195 1195 1
1196 1196 1
1202 1196 1
1173 1197 1
1184 1197 1
1197 1197 1
1198 1197 1
1199 1197 1
1223 1197 1
1168 1198 1
1182 1198 1
1197 1198 1
1198 1198 1
1225 1198 1
1173 1199 1
1197 1199 1
1199 1199 1
1162 1200 1
1200 1200 1
1234 1200 1
1168 1201 1
1184 1201 1
1201 1201 1
1208 1201 1
1223 1201 1
1174 1202 1
1196 1202 1
1202 1202 1
1203 1202 1
397 1203 1
1175 1203 1
1202 1203 1
1203 1203 1
1209 1203 1
1212 1203 1
1236 1203 1
1160 1204 1
1164 1204 1
1204 1204 1
1221 1204 1
1228 1204 1
1233 1204 1
1205 1205 1
1206 1205 1
1205 1206 1
1206 1206 1
1230 1206 1
100 1207 1
1165 1207 1
1174 1207 1
1186 1207 1
1188 1207 1
1207 1207 1
1159 1208 1
1160 1208 1
1166 1208 1
1172 1208 1
1201 1208 1
1208 1208 1
1225 1208 1
1238 1208 1
1203 1209 1
1209 1209 1
1210 1209 1
1211 1209 1
1167 1210 1
1179 1210 1
1209 1210 1
1210 1210 1
1219 1210 1
1234 1210 1
1237 1210 1
1167 1211 1
1209 1211 1
1211 1211 1
1216 1211 1
1237 1211 1
1238 1211 1
1175 1212 1
1203 1212 1
1212 1212 1
1213 1212 1
1214 1212 1
1212 1213 1
1213 1213 1
1212 1214 1
1214 1214 1
1215 1215 1
1217 1215 1
1220 1215 1
1230 1215 1
1166 1216 1
1211 1216 1
1216 1216 1
1238 1216 1
1215 1217 1
1217 1217 1
1218 1217 1
1217 1218 1
1218 1218 1
1179 1219 1
1210 1219 1
1219 1219 1
1161 1220 1
1172 1220 1
1215 1220 1
1220 1220 1
1221 1220 1
1229 1220 1
1230 1220 1
1235 1220 1
1161 1221 1
1204 1221 1
1220 1221 1
1221 1221 1
1164 1222 1
1222 1222 1
1233 1222 1
1197 1223 1
1201 1223 1
1223 1223 1
1224 1223 1
1223 1224 1
1224 1224 1
1198 1225 1
1208 1225 1
1225 1225 1
1235 1225 1
1169 1226 1
1179 1226 1
1226 1226 1
1237 1226 1
1176 1227 1
1227 1227 1
1231 1227 1
1234 1227 1
1164 1228 1
1204 1228 1
1228 1228 1
391 1229 1
1172 1229 1
1183 1229 1
1220 1229 1
1229 1229 1
1206 1230 1
1215 1230 1
1220 1230 1
1230 1230 1
1106 1231 1
1112 1231 1
1167 1231 1
1227 1231 1
1231 1231 1
1232 1231 1
1231 1232 1
1232 1232 1
1204 1233 1
1222 1233 1
1233 1233 1
1162 1234 1
1167 1234 1
1200 1234 1
1210 1234 1
1227 1234 1
1234 1234 1
1160 1235 1
1183 1235 1
1220 1235 1
1225 1235 1
1235 1235 1
1236 1235 1
923 1236 1
1203 1236 1
1235 1236 1
1236 1236 1
1169 1237 1
1179 1237 1
1210 1237 1
1211 1237 1
1226 1237 1
1237 1237 1
1208 1238 1
1211 1238 1
1216 1238 1
1238 1238 1
1239 1239 1
1269 1239 1
1290 1239 1
1240 1240 1
1241 1240 1
1248 1240 1
1257 1240 1
1267 1240 1
1240 1241 1
1241 1241 1
1242 1241 1
1285 1241 1
1316 1241 1
1088 1242 1
1241 1242 1
1242 1242 1
1255 1242 1
1036 1243 1
1243 1243 1
1256 1243 1
1265 1243 1
1276 1243 1
1286 1243 1
1293 1243 1
1244 1244 1
1280 1244 1
1287 1244 1
1245 1245 1
1257 1245 1
1282 1245 1
1246 1246 1
1247 1246 1
1266 1246 1
1246 1247 1
1247 1247 1
1272 1247 1
1240 1248 1
1248 1248 1
1254 1248 1
1270 1248 1
1283 1248 1
1045 1249 1
1083 1249 1
1249 1249 1
1265 1249 1
1273 1249 1
1250 1250 1
1251 1250 1
1252 1250 1
1250 1251 1
1251 1251 1
1261 1251 1
1250 1252 1
1252 1252 1
1254 1252 1
1273 1252 1
1274 1252 1
1002 1253 1
1253 1253 1
1280 1253 1
1281 1253 1
1248 1254 1
1252 1254 1
1254 1254 1
1255 1254 1
1274 1254 1
1242 1255 1
1254 1255 1
1255 1255 1
1243 1256 1
1256 1256 1
1279 1256 1
1240 1257 1
1245 1257 1
1257 1257 1
1284 1257 1
1004 1258 1
1258 1258 1
1284 1258 1
1259 1259 1
1260 1259 1
1263 1259 1
1314 1259 1
1259 1260 1
1260 1260 1
1278 1260 1
1251 1261 1
1261 1261 1
1288 1261 1
1051 1262 1
1262 1262 1
1263 1262 1
1264 1262 1
1259 1263 1
1262 1263 1
1263 1263 1
1262 1264 1
1264 1264 1
1268 1264 1
1243 1265 1
1249 1265 1
1265 1265 1
1246 1266 1
1266 1266 1
1290 1266 1
1240 1267 1
1267 1267 1
1282 1267 1
1264 1268 1
1268 1268 1
1288 1268 1
1239 1269 1
1269 1269 1
1248 1270 1
1270 1270 1
1277 1270 1
1271 1271 1
1272 1271 1
1276 1271 1
1073 1272 1
1247 1272 1
1271 1272 1
1272 1272 1
1249 1273 1
1252 1273 1
1273 1273 1
1274 1273 1
1087 1274 1
1252 1274 1
1254 1274 1
1273 1274 1
1274 1274 1
1275 1275 1
1289 1275 1
1352 1275 1
1243 1276 1
1271 1276 1
1276 1276 1
1270 1277 1
1277 1277 1
1281 1277 1
1260 1278 1
1278 1278 1
1087 1279 1
1256 1279 1
1279 1279 1
1244 1280 1
1253 1280 1
1280 1280 1
1253 1281 1
1277 1281 1
1281 1281 1
1283 1281 1
1245 1282 1
1267 1282 1
1282 1282 1
1286 1282 1
1248 1283 1
1281 1283 1
1283 1283 1
1257 1284 1
1258 1284 1
1284 1284 1
1285 1284 1
1005 1285 1
1015 1285 1
1241 1285 1
1284 1285 1
1285 1285 1
1348 1285 1
1243 1286 1
1282 1286 1
1286 1286 1
1027 1287 1
1244 1287 1
1287 1287 1
1289 1287 1
1261 1288 1
1268 1288 1
1288 1288 1
1275 1289 1
1287 1289 1
1289 1289 1
1239 1290 1
1266 1290 1
1290 1290 1
1291 1290 1
1292 1290 1
1293 1290 1
1290 1291 1
1291 1291 1
1036 1292 1
1290 1292 1
1292 1292 1
1243 1293 1
1290 1293 1
1293 1293 1
1294 1294 1
1314 1294 1
1327 1294 1
1334 1294 1
1295 1295 1
1314 1295 1
1320 1295 1
1296 1296 1
1333 1296 1
1336 1296 1
1297 1297 1
1300 1297 1
1313 1297 1
1319 1297 1
1298 1298 1
1303 1298 1
1324 1298 1
1079 1299 1
1299 1299 1
1316 1299 1
1297 1300 1
1300 1300 1
1302 1300 1
1322 1300 1
1301 1301 1
1302 1301 1
1079 1302 1
1300 1302 1
1301 1302 1
1302 1302 1
1326 1302 1
1331 1302 1
1298 1303 1
1303 1303 1
1330 1303 1
1304 1304 1
1309 1304 1
1325 1304 1
1305 1305 1
1306 1305 1
1009 1306 1
1305 1306 1
1306 1306 1
1334 1306 1
1307 1307 1
1308 1307 1
1323 1307 1
1307 1308 1
1308 1308 1
1309 1308 1
1310 1308 1
1407 1308 1
1304 1309 1
1308 1309 1
1309 1309 1
1311 1309 1
1308 1310 1
1310 1310 1
1309 1311 1
1311 1311 1
1312 1312 1
1321 1312 1
1322 1312 1
1075 1313 1
1297 1313 1
1313 1313 1
1259 1314 1
1294 1314 1
1295 1314 1
1314 1314 1
1316 1314 1
1315 1315 1
1316 1315 1
1241 1316 1
1299 1316 1
1314 1316 1
1315 1316 1
1316 1316 1
1317 1316 1
1335 1316 1
1316 1317 1
1317 1317 1
1318 1318 1
1323 1318 1
1331 1318 1
1297 1319 1
1319 1319 1
1295 1320 1
1320 1320 1
1327 1320 1
1329 1320 1
1312 1321 1
1321 1321 1
1328 1321 1
1300 1322 1
1312 1322 1
1322 1322 1
1324 1322 1
1307 1323 1
1318 1323 1
1323 1323 1
1298 1324 1
1322 1324 1
1324 1324 1
145 1325 1
1304 1325 1
1325 1325 1
1073 1326 1
1302 1326 1
1326 1326 1
1294 1327 1
1320 1327 1
1327 1327 1
1321 1328 1
1328 1328 1
1329 1328 1
1320 1329 1
1328 1329 1
1329 1329 1
1303 1330 1
1330 1330 1
1331 1330 1
61 1331 1
1302 1331 1
1318 1331 1
1330 1331 1
1331 1331 1
1332 1332 1
1335 1332 1
1296 1333 1
1333 1333 1
1294 1334 1
1306 1334 1
1334 1334 1
1356 1334 1
1316 1335 1
1332 1335 1
1335 1335 1
1337 1335 1
1296 1336 1
1336 1336 1
1337 1336 1
1335 1337 1
1336 1337 1
1337 1337 1
1338 1338 1
1339 1338 1
422 1339 1
1338 1339 1
1339 1339 1
1347 1339 1
1340 1340 1
1341 1340 1
1345 1340 1
1340 1341 1
1341 1341 1
1342 1342 1
1344 1342 1
1345 1342 1
1343 1343 1
1344 1343 1
1346 1343 1
429 1344 1
1342 1344 1
1343 1344 1
1344 1344 1
1340 1345 1
1342 1345 1
1345 1345 1
1343 1346 1
1346 1346 1
1349 1346 1
1339 1347 1
1347 1347 1
1349 1347 1
1285 1348 1
1348 1348 1
1346 1349 1
1347 1349 1
1349 1349 1
1350 1350 1
1352 1350 1
1351 1351 1
1353 1351 1
1275 1352 1
1350 1352 1
1352 1352 1
1353 1352 1
1032 1353 1
1351 1353 1
1352 1353 1
1353 1353 1
300 1354 1
404 1354 1
1354 1354 1
1355 1354 1
1354 1355 1
1355 1355 1
1378 1355 1
1334 1356 1
1356 1356 1
1421 1356 1
1357 1357 1
1358 1357 1
1361 1357 1
1406 1357 1
1412 1357 1
1422 1357 1
1357 1358 1
1358 1358 1
1393 1358 1
1415 1358 1
1359 1359 1
1378 1359 1
1387 1359 1
1360 1360 1
1412 1360 1
1414 1360 1
1357 1361 1
1361 1361 1
1383 1361 1
1362 1362 1
1363 1362 1
1415 1362 1
1362 1363 1
1363 1363 1
1386 1363 1
1398 1363 1
1408 1363 1
1416 1363 1
1364 1364 1
1366 1364 1
1365 1365 1
1366 1365 1
1364 1366 1
1365 1366 1
1366 1366 1
1381 1366 1
1409 1366 1
1421 1366 1
1367 1367 1
1390 1367 1
1397 1367 1
1368 1368 1
1386 1368 1
1408 1368 1
1369 1369 1
1370 1369 1
1373 1369 1
1390 1369 1
1414 1369 1
1369 1370 1
1370 1370 1
1371 1370 1
1372 1370 1
1417 1370 1
1370 1371 1
1371 1371 1
1370 1372 1
1372 1372 1
1369 1373 1
1373 1373 1
1374 1374 1
1375 1374 1
1381 1374 1
1388 1374 1
1374 1375 1
1375 1375 1
302 1376 1
321 1376 1
1376 1376 1
1378 1376 1
1377 1377 1
1378 1377 1
1401 1377 1
1411 1377 1
293 1378 1
1355 1378 1
1359 1378 1
1376 1378 1
1377 1378 1
1378 1378 1
1380 1378 1
1405 1378 1
1410 1378 1
1379 1379 1
1380 1379 1
1391 1379 1
1399 1379 1
1419 1379 1
1378 1380 1
1379 1380 1
1380 1380 1
1366 1381 1
1374 1381 1
1381 1381 1
1382 1381 1
1397 1381 1
1413 1381 1
1381 1382 1
1382 1382 1
1361 1383 1
1383 1383 1
1422 1383 1
1384 1384 1
1386 1384 1
1385 1385 1
1386 1385 1
1363 1386 1
1368 1386 1
1384 1386 1
1385 1386 1
1386 1386 1
1403 1386 1
434 1387 1
1359 1387 1
1387 1387 1
1374 1388 1
1388 1388 1
1414 1388 1
290 1389 1
1389 1389 1
1422 1389 1
1367 1390 1
1369 1390 1
1390 1390 1
1418 1390 1
1379 1391 1
1391 1391 1
1392 1392 1
1397 1392 1
1418 1392 1
1000 1393 1
1358 1393 1
1393 1393 1
1394 1393 1
1395 1393 1
1396 1393 1
1420 1393 1
1393 1394 1
1394 1394 1
1393 1395 1
1395 1395 1
1393 1396 1
1396 1396 1
1367 1397 1
1381 1397 1
1392 1397 1
1397 1397 1
1398 1397 1
1363 1398 1
1397 1398 1
1398 1398 1
1416 1398 1
1379 1399 1
1399 1399 1
1419 1399 1
1400 1400 1
1401 1400 1
1377 1401 1
1400 1401 1
1401 1401 1
1411 1401 1
1150 1402 1
1402 1402 1
1407 1402 1
62 1403 1
1386 1403 1
1403 1403 1
1404 1404 1
1414 1404 1
1418 1404 1
1378 1405 1
1405 1405 1
1410 1405 1
1357 1406 1
1406 1406 1
1414 1406 1
1308 1407 1
1402 1407 1
1407 1407 1
1408 1407 1
1363 1408 1
1368 1408 1
1407 1408 1
1408 1408 1
1366 1409 1
1409 1409 1
1413 1409 1
1378 1410 1
1405 1410 1
1410 1410 1
1377 1411 1
1401 1411 1
1411 1411 1
1357 1412 1
1360 1412 1
1412 1412 1
1381 1413 1
1409 1413 1
1413 1413 1
1360 1414 1
1369 1414 1
1388 1414 1
1404 1414 1
1406 1414 1
1414 1414 1
1415 1414 1
1416 1414 1
1417 1414 1
1418 1414 1
1358 1415 1
1362 1415 1
1414 1415 1
1415 1415 1
1363 1416 1
1398 1416 1
1414 1416 1
1416 1416 1
1370 1417 1
1414 1417 1
1417 1417 1
1390 1418 1
1392 1418 1
1404 1418 1
1414 1418 1
1418 1418 1
1379 1419 1
1399 1419 1
1419 1419 1
1420 1419 1
1422 1419 1
300 1420 1
1393 1420 1
1419 1420 1
1420 1420 1
1356 1421 1
1366 1421 1
1421 1421 1
1357 1422 1
1383 1422 1
1389 1422 1
1419 1422 1
1422 1422 1
1423 1423 1
1424 1423 1
1425 1423 1
1423 1424 1
1424 1424 1
1435 1424 1
1423 1425 1
1425 1425 1
1440 1425 1
1426 1426 1
1427 1426 1
1445 1426 1
1447 1426 1
1453 1426 1
1426 1427 1
1427 1427 1
1428 1428 1
1429 1428 1
1428 1429 1
1429 1429 1
1432 1429 1
1442 1429 1
253 1430 1
1430 1430 1
1431 1431 1
1432 1431 1
1433 1431 1
1429 1432 1
1431 1432 1
1432 1432 1
1431 1433 1
1433 1433 1
1434 1434 1
1435 1434 1
1436 1434 1
276 1435 1
1424 1435 1
1434 1435 1
1435 1435 1
277 1436 1
1434 1436 1
1436 1436 1
1437 1437 1
1438 1437 1
1437 1438 1
1438 1438 1
1440 1438 1
1454 1438 1
1439 1439 1
1440 1439 1
1425 1440 1
1438 1440 1
1439 1440 1
1440 1440 1
283 1441 1
1441 1441 1
1443 1441 1
1429 1442 1
1442 1442 1
1445 1442 1
1441 1443 1
1443 1443 1
1444 1443 1
1443 1444 1
1444 1444 1
247 1445 1
1426 1445 1
1442 1445 1
1445 1445 1
1446 1445 1
1447 1445 1
1445 1446 1
1446 1446 1
1426 1447 1
1445 1447 1
1447 1447 1
1449 1447 1
604 1448 1
1448 1448 1
1449 1448 1
1451 1448 1
1447 1449 1
1448 1449 1
1449 1449 1
1450 1449 1
1449 1450 1
1450 1450 1
1448 1451 1
1451 1451 1
1452 1451 1
1453 1451 1
1451 1452 1
1452 1452 1
1426 1453 1
1451 1453 1
1453 1453 1
1454 1453 1
1438 1454 1
1453 1454 1
1454 1454 1
